7
228
0.080446 0.000000 0.341614 0.255465 -0.000000 0.322476 -0.000000 
0.109513 -0.000000 0.335201 0.337338 0.000000 0.217949 -0.000000 
0.023321 0.000000 0.454293 0.267730 0.026768 0.227888 -0.000000 
0.046487 0.000000 0.392091 0.239540 0.019864 0.246525 0.055493 
0.073110 0.000000 0.375978 0.227781 0.041918 0.281212 0.000000 
0.082522 0.000000 0.360831 0.217446 0.046601 0.288756 0.003845 
0.085692 0.000000 0.362842 0.215411 0.044746 0.291308 0.000000 
0.084331 0.000000 0.355402 0.223085 0.039668 0.297514 0.000000 
0.085954 0.000000 0.356481 0.223406 0.043561 0.290598 0.000000 
0.103525 -0.000000 0.484964 0.149777 0.027586 0.234148 0.000000 
0.087187 0.000000 0.385861 0.227953 0.000000 0.299000 0.000000 
0.110991 0.000000 0.357751 0.318242 0.000000 0.213017 0.000000 
0.035616 0.000000 0.535506 0.223498 0.015386 0.189995 0.000000 
0.070965 0.000000 0.490008 0.183850 0.000000 0.213321 0.041856 
0.050177 0.031429 0.531823 0.166608 0.000000 0.161848 0.058115 
0.079020 -0.000000 0.384051 0.371275 0.000000 0.100089 0.065565 
0.092214 -0.000000 0.487779 0.269139 -0.000000 0.097751 0.053117 
0.088493 0.000000 0.540565 0.206119 0.009870 0.098866 0.056087 
0.086050 -0.000000 0.503310 0.247451 -0.000000 0.106008 0.057181 
0.065409 -0.000000 0.514678 0.275230 -0.000000 0.098503 0.046180 
0.076328 0.000000 0.545945 0.217773 0.008496 0.099067 0.052392 
0.069023 -0.000000 0.518524 0.255948 -0.000000 0.104865 0.051641 
0.079679 0.011522 0.576270 0.163248 0.015895 0.094734 0.058652 
0.051099 0.000000 0.392390 0.272222 -0.000000 0.284289 -0.000000 
0.049699 0.000000 0.444159 0.252137 -0.000000 0.254006 -0.000000 
0.052712 0.000000 0.419168 0.337656 0.000000 0.190463 0.000000 
0.059105 -0.000000 0.367513 0.255637 0.000000 0.284761 0.032984 
0.048167 0.000000 0.384423 0.249370 0.007793 0.259178 0.051070 
0.059990 0.000000 0.434142 0.220172 -0.000000 0.240626 0.045070 
0.056526 -0.000000 0.505512 0.197970 -0.000000 0.201822 0.038171 
0.053001 -0.000000 0.516772 0.197339 0.001631 0.193925 0.037332 
0.050871 0.008299 0.516732 0.193579 0.000000 0.188098 0.042421 
0.058355 0.000000 0.514230 0.224550 0.000000 0.160073 0.042792 
0.041303 0.027619 0.468750 0.206410 -0.000000 0.196439 0.059480 
0.065682 0.000000 0.464031 0.303784 0.000000 0.106991 0.059511 
0.051678 0.000000 0.446707 0.317590 0.000000 0.184025 0.000000 
0.069449 0.000000 0.398023 0.369748 0.000000 0.100284 0.062496 
0.063138 0.000000 0.482762 0.304728 0.000000 0.099142 0.050230 
0.071368 0.000000 0.389229 0.359648 0.000000 0.108759 0.070996 
0.069978 0.000000 0.390553 0.356885 0.000813 0.109658 0.072112 
0.071026 0.000000 0.396377 0.351627 0.000000 0.109921 0.071049 
0.059610 0.041217 0.317970 0.243958 0.045277 0.291968 0.000000 
0.074032 0.056885 0.467579 0.165234 0.022060 0.214209 -0.000000 
0.060723 0.042128 0.275879 0.296241 0.037637 0.287392 0.000000 
0.015363 0.044417 0.467642 0.260922 -0.000000 0.211656 -0.000000 
0.030464 0.026894 0.460380 0.308872 -0.000000 0.173391 0.000000 
0.033400 0.027511 0.369519 0.375106 -0.000000 0.194463 0.000000 
0.027964 0.046521 0.451026 0.219033 -0.000000 0.193626 0.061830 
0.025941 0.038243 0.516548 0.213641 -0.000000 0.173169 0.032458 
0.021769 0.020336 0.531749 0.232610 0.012817 0.180719 0.000000 
0.060323 0.009514 0.517234 0.271525 0.000000 0.094520 0.046883 
0.079111 0.012536 0.576467 0.162990 0.015875 0.094308 0.058712 
0.044053 0.043769 0.535153 0.165381 -0.000000 0.152405 0.059238 
0.013503 0.011060 0.437145 0.280913 0.027488 0.229891 0.000000 
0.027801 0.020014 0.388272 0.273735 0.034840 0.255338 0.000000 
0.060113 0.004662 0.476530 0.309830 0.000000 0.097340 0.051524 
0.056818 0.024624 0.327603 0.240994 0.052841 0.281001 0.016119 
0.069192 0.000424 0.397206 0.370404 0.000000 0.100124 0.062650 
0.069010 0.003647 0.382896 0.366094 0.000000 0.106707 0.071646 
0.060960 0.027292 0.533415 0.202803 -0.000000 0.111381 0.064149 
0.063397 0.025328 0.531804 0.208676 0.000000 0.106508 0.064288 
0.062578 0.024662 0.532318 0.210401 -0.000000 0.106400 0.063641 
0.072046 0.018157 0.557839 0.181819 0.009034 0.099829 0.061275 
0.054838 0.017978 0.432673 0.294745 -0.000000 0.128808 0.070958 
0.064697 0.007798 0.409750 0.335207 0.000000 0.109907 0.072641 
0.061402 0.009268 0.438893 0.313285 0.000000 0.108751 0.068400 
0.056810 -0.000000 0.397552 0.208007 0.058429 0.233826 0.045376 
0.049029 0.000000 0.410309 0.218443 0.053321 0.229312 0.039585 
0.059186 -0.000000 0.429550 0.191571 0.055188 0.216061 0.048444 
0.054212 0.000000 0.399725 0.209742 0.056328 0.230920 0.049073 
0.075918 -0.000000 0.387743 0.363861 0.003377 0.100795 0.068306 
0.068685 0.000000 0.399040 0.368806 0.000400 0.100376 0.062694 
0.062453 0.000000 0.442035 0.335100 0.002163 0.100260 0.057989 
0.056846 0.007198 0.381633 0.342021 0.004807 0.133739 0.073756 
0.066700 0.002488 0.387824 0.357963 0.001790 0.109338 0.073897 
0.074169 0.000000 0.462803 0.269628 0.016465 0.110243 0.066691 
0.075520 -0.000000 0.451314 0.292287 0.011402 0.101236 0.068242 
0.072634 -0.000000 0.460523 0.288894 0.010825 0.101103 0.066021 
0.078276 0.009692 0.551312 0.188677 0.015269 0.095902 0.060871 
0.064837 -0.000000 0.395513 0.330326 0.011532 0.125884 0.071908 
0.069262 0.000000 0.392747 0.352899 0.004436 0.107457 0.073199 
0.063681 -0.000000 0.400332 0.351727 0.003697 0.110296 0.070266 
0.065124 -0.000000 0.398712 0.354298 0.003083 0.107867 0.070916 
0.064265 0.000000 0.405940 0.349404 0.003238 0.107456 0.069697 
0.020402 0.000000 0.454170 0.277005 0.016763 0.231661 0.000000 
0.021239 -0.000000 0.451903 0.277729 0.015181 0.233947 0.000000 
0.021065 -0.000000 0.451644 0.276734 0.015546 0.232768 0.002243 
0.031352 -0.000000 0.520516 0.237993 0.010596 0.199543 -0.000000 
0.031704 0.000000 0.511378 0.242432 0.008693 0.205793 -0.000000 
0.032442 -0.000000 0.516727 0.237433 0.008644 0.201193 0.003561 
0.003177 0.019274 0.424283 0.300347 0.017618 0.235302 0.000000 
0.003011 0.019597 0.423448 0.300845 0.017400 0.235699 0.000000 
0.003068 0.019507 0.423540 0.300589 0.017444 0.235513 0.000338 
0.022942 0.000000 0.457213 0.287605 0.019178 0.213061 0.000000 
0.037194 0.000000 0.439743 0.317826 0.007607 0.197631 0.000000 
0.015580 0.024238 0.518607 0.246369 0.008355 0.186851 -0.000000 
0.014666 0.025913 0.513898 0.249172 0.007247 0.189105 -0.000000 
0.015255 0.025585 0.516579 0.246550 0.007241 0.186983 0.001806 
0.033424 -0.000000 0.524702 0.243926 0.012035 0.185913 0.000000 
0.042315 0.000000 0.478475 0.291762 0.004215 0.183234 0.000000 
0.012808 0.011406 0.439598 0.301670 0.019741 0.214777 0.000000 
0.019740 0.017127 0.416036 0.334199 0.010269 0.202629 0.000000 
0.051796 0.000000 0.421018 0.343286 0.007256 0.128832 0.047812 
0.054177 -0.000000 0.418062 0.348087 0.005841 0.123865 0.049968 
0.057165 -0.000000 0.431637 0.339894 0.004432 0.113901 0.052972 
0.053228 0.000000 0.418683 0.345559 0.006365 0.125616 0.050549 
0.020450 0.019498 0.522589 0.249846 0.010034 0.177582 -0.000000 
0.024718 0.022706 0.488954 0.285266 0.004073 0.174282 -0.000000 
0.060782 -0.000000 0.511337 0.280113 -0.000000 0.106947 0.040820 
0.062757 -0.000000 0.485453 0.302476 0.000000 0.100179 0.049135 
0.057968 -0.000000 0.499449 0.287815 -0.000000 0.122348 0.032420 
0.059180 -0.000000 0.510562 0.277037 0.000000 0.113864 0.039357 
0.050913 0.010982 0.511399 0.280059 -0.000000 0.109650 0.036997 
0.055278 0.007716 0.492636 0.296269 -0.000000 0.103945 0.044155 
0.047643 0.012937 0.505019 0.284189 -0.000000 0.118409 0.031802 
0.048884 0.012237 0.510970 0.278322 0.000000 0.113849 0.035737 
0.043825 0.000000 0.395183 0.245696 0.015115 0.247503 0.052679 
0.044809 0.000000 0.391224 0.250174 0.009450 0.253676 0.050666 
0.028138 0.000000 0.433061 0.267833 0.013997 0.238144 0.018828 
0.044778 0.000000 0.431353 0.235841 0.008401 0.233000 0.046626 
0.044878 0.000000 0.398201 0.266106 0.009952 0.227583 0.053281 
0.042202 0.004102 0.384232 0.247535 0.015909 0.249234 0.056787 
0.043474 0.003817 0.380331 0.252680 0.009184 0.256383 0.054132 
0.038823 0.016950 0.414599 0.235676 0.006392 0.228725 0.058835 
0.041890 0.008620 0.376396 0.278149 0.009552 0.223238 0.062155 
0.003975 0.021480 0.413533 0.299569 0.017039 0.237863 0.006540 
0.026693 0.028806 0.342405 0.307200 0.010596 0.218236 0.066065 
0.063361 0.022897 0.299738 0.282038 0.000000 0.331966 0.000000 
0.061521 0.055682 0.388275 0.227755 0.000000 0.266767 0.000000 
0.038083 0.070128 0.414995 0.238529 0.000000 0.238266 0.000000 
0.047121 0.067329 0.446762 0.203160 0.000000 0.212325 0.023303 
0.053697 0.077873 0.403822 0.216171 0.004060 0.244377 0.000000 
0.024111 0.038148 0.320069 0.315652 0.000000 0.302021 0.000000 
0.084237 0.049111 0.364741 0.302454 0.000000 0.199457 0.000000 
0.071822 0.056062 0.378672 0.300125 -0.000000 0.193320 0.000000 
0.078655 0.053583 0.387165 0.292788 0.000000 0.178908 0.008901 
0.077716 0.060156 0.374918 0.287508 0.001866 0.197837 0.000000 
0.020594 0.044629 0.325512 0.366358 -0.000000 0.242907 0.000000 
0.044573 0.020239 0.329807 0.279121 0.000000 0.294156 0.032103 
0.056254 0.017908 0.351871 0.361298 -0.000000 0.149443 0.063225 
0.093889 0.023148 0.292503 0.368844 0.000000 0.221616 0.000000 
0.049620 0.038552 0.314161 0.390000 -0.000000 0.207667 0.000000 
0.075561 0.019513 0.332502 0.387025 0.000000 0.140716 0.044684 
0.085562 0.011715 0.491317 0.264666 -0.000000 0.092858 0.053882 
0.080944 0.027301 0.466717 0.269783 0.000000 0.112328 0.042926 
0.070584 0.013824 0.505783 0.266992 0.000000 0.092363 0.050453 
0.081078 0.017045 0.513609 0.237940 0.003867 0.091068 0.055393 
0.074992 0.021003 0.507468 0.242485 0.000000 0.096072 0.057980 
0.077462 0.001917 0.380939 0.374178 0.000000 0.099372 0.066133 
0.076797 0.003747 0.376648 0.376034 -0.000000 0.101867 0.064906 
0.075447 0.002215 0.383042 0.374347 -0.000000 0.099297 0.065653 
0.076759 0.002286 0.380819 0.373775 0.000438 0.099325 0.066598 
0.076070 0.002732 0.380108 0.374305 0.000000 0.099893 0.066892 
0.073356 0.014437 0.579265 0.112940 0.032594 0.137826 0.049582 
0.074951 0.041099 0.524874 0.137691 0.024381 0.177053 0.019950 
0.062281 0.018203 0.590341 0.131508 0.023985 0.136688 0.036994 
0.066587 0.025403 0.587869 0.117256 0.019449 0.130773 0.052663 
0.078024 0.014461 0.589824 0.136997 0.020556 0.104900 0.055239 
0.076411 0.009385 0.591611 0.111865 0.022169 0.138040 0.050519 
0.081944 0.007460 0.591507 0.132787 0.021804 0.110516 0.053982 
0.082204 0.000000 0.584460 0.108183 0.033204 0.144036 0.047913 
0.082192 -0.000000 0.587564 0.108357 0.030068 0.143459 0.048361 
0.083690 0.000000 0.587814 0.115816 0.029383 0.133589 0.049708 
0.093736 0.000000 0.555657 0.118448 0.028647 0.176633 0.026879 
0.083825 0.000000 0.588341 0.110101 0.024462 0.147214 0.046058 
0.087033 0.000000 0.588794 0.127121 0.023794 0.123699 0.049559 
0.075168 0.000000 0.594438 0.122089 0.026421 0.144424 0.037460 
0.079639 0.000000 0.594032 0.113540 0.024723 0.143066 0.044999 
0.082669 0.000000 0.593659 0.126343 0.024170 0.125301 0.047858 
0.029738 0.022823 0.355369 0.256658 0.031351 0.247264 0.056798 
0.027325 0.022567 0.353210 0.266499 0.018945 0.252510 0.058945 
0.006914 0.023634 0.398627 0.295185 0.017726 0.241034 0.016879 
0.025077 0.029634 0.341083 0.300650 0.012755 0.226018 0.064782 
0.021871 0.031240 0.332197 0.283404 0.010547 0.264639 0.056102 
0.005136 0.025319 0.396292 0.299437 0.016088 0.242919 0.014809 
0.023822 0.031772 0.336108 0.305649 0.010712 0.227521 0.064415 
0.040996 0.062498 0.266683 0.287696 0.026363 0.315763 0.000000 
0.038084 0.073955 0.286425 0.283210 0.013832 0.304495 0.000000 
0.052365 0.039496 0.274311 0.289726 0.014182 0.329921 -0.000000 
0.057269 0.031516 0.285178 0.289216 0.003461 0.333360 -0.000000 
0.033483 0.055393 0.259725 0.297796 0.026979 0.313837 0.012787 
0.052347 0.051548 0.256037 0.311987 0.029754 0.298327 0.000000 
0.065518 0.046968 0.259669 0.341815 0.022731 0.263299 0.000000 
0.084243 0.033955 0.274691 0.372185 0.004347 0.230578 0.000000 
0.060455 0.045279 0.277119 0.383035 0.006124 0.227988 -0.000000 
0.070895 0.042635 0.269218 0.379881 0.008218 0.217550 0.011603 
0.071235 0.052944 0.276913 0.356371 0.008942 0.233594 0.000000 
0.009378 0.055407 0.380616 0.299115 -0.000000 0.255484 -0.000000 
0.010386 0.054874 0.358294 0.307561 0.000000 0.268885 0.000000 
0.013675 0.059776 0.373467 0.293980 0.000000 0.259102 -0.000000 
0.010514 0.055121 0.357140 0.317311 0.000000 0.259914 0.000000 
0.027539 0.047052 0.446817 0.221363 -0.000000 0.196006 0.061223 
0.027311 0.047123 0.433390 0.228522 -0.000000 0.204845 0.058809 
0.028372 0.049858 0.438388 0.224463 0.000000 0.202169 0.056750 
0.027720 0.047081 0.434389 0.231516 -0.000000 0.199275 0.060019 
0.001986 0.045031 0.341411 0.326671 0.008773 0.276129 -0.000000 
0.009016 0.050106 0.310623 0.330489 0.003373 0.296393 -0.000000 
0.009482 0.051277 0.314100 0.349721 0.002942 0.272479 0.000000 
0.010203 0.052212 0.306646 0.324522 0.012366 0.294051 0.000000 
0.006176 0.037419 0.351625 0.307046 0.012392 0.260937 0.024406 
0.020395 0.034100 0.334999 0.282281 0.010219 0.261187 0.056820 
0.010657 0.035570 0.368151 0.287921 0.012257 0.246314 0.039129 
0.022602 0.033523 0.337341 0.301768 0.010479 0.230595 0.063692 
0.021390 0.037714 0.313692 0.293304 0.007577 0.277393 0.048929 
0.020352 0.034484 0.324901 0.287632 0.009970 0.268040 0.054621 
0.021020 0.038055 0.319396 0.282885 0.020840 0.266688 0.051115 
0.024599 0.037246 0.320123 0.318247 0.007679 0.233578 0.058528 
0.022769 0.033706 0.331415 0.306721 0.010350 0.232083 0.062957 
0.014847 0.055556 0.286301 0.327087 0.008734 0.307475 0.000000 
0.014411 0.055012 0.287984 0.328065 0.007251 0.307277 -0.000000 
0.019329 0.057368 0.275024 0.317500 0.016803 0.307871 0.006105 
0.018844 0.060369 0.280972 0.318304 0.014290 0.307220 0.000000 
0.025272 0.067847 0.287268 0.304448 0.011396 0.303769 0.000000 
0.016378 0.057517 0.281842 0.330394 0.012339 0.301531 0.000000 
0.015761 0.056829 0.286602 0.342781 0.007617 0.290410 -0.000000 
0.027140 0.046141 0.444389 0.222746 0.000697 0.197029 0.061858 
0.023341 0.038819 0.393781 0.250457 0.006423 0.225621 0.061558 
0.016715 0.038223 0.395072 0.263605 0.008793 0.227884 0.049709 
0.023437 0.036122 0.366784 0.279462 0.008452 0.221729 0.064015 
0.020876 0.035120 0.357393 0.266142 0.016903 0.243153 0.060413 
0.020788 0.034715 0.357018 0.267296 0.015521 0.244043 0.060619 
0.017969 0.035040 0.363128 0.271132 0.015307 0.242386 0.055037 
0.021534 0.034325 0.351950 0.278886 0.014184 0.236879 0.062242 
0.026261 0.055833 0.264516 0.303207 0.021038 0.306602 0.022543 
0.025382 0.051831 0.272555 0.305536 0.012525 0.304943 0.027228 
0.031063 0.067681 0.280501 0.292432 0.014079 0.302424 0.011821 
0.027887 0.053831 0.269668 0.321985 0.013380 0.283939 0.029309 
0.000000 -0.000000 0.000000 -0.000000 -0.000000 -0.000000 -0.000000 
23
0
1
2
3
4
5
6
7
8
9
10
11
12
13
14
15
16
17
18
19
20
21
22
